20
9 11
20
4
16
10
49
6
2
45
26
9 16
0
14
35
49
5
35
10
13
29
9 5
39
20
19
42
17
17
13
10
35
9 6
14
9
35
8
14
24
43
19
25
9 9
29
49
20
8
47
36
16
23
8
9 11
1
18
14
7
12
36
34
49
43
9 19
1
32
2
24
33
12
17
34
43
9 5
4
4
30
35
48
20
29
1
2
9 13
12
15
21
13
48
29
16
5
44
9 9
23
43
24
19
34
35
45
48
44
9 14
24
26
32
39
39
44
15
29
38
9 5
14
41
4
10
36
18
7
33
50
9 11
13
26
20
10
5
10
31
17
26
9 14
24
44
1
4
44
7
23
27
50
9 19
25
42
31
12
14
40
46
13
18
9 18
18
31
0
7
45
22
22
9
2
9 12
10
34
15
1
7
39
23
37
35
9 1
14
38
28
48
5
47
2
0
43
9 19
11
48
19
11
0
22
4
12
9
9 18
11
33
18
6
28
32
10
31
34
