0 0 4
0 1 4
0 2 2
0 3 10
0 4 9
0 5 1
0 6 2
0 7 2
0 8 1
0 9 2
0 10 3
0 11 3
0 12 3
0 13 4
0 14 1
0 15 5
1 0 4
1 1 10
1 2 8
1 3 9
1 4 9
1 5 1
1 6 10
1 7 8
1 8 1
1 9 1
1 10 3
1 11 1
1 12 4
1 13 2
1 14 5
1 15 1
2 0 5
2 1 6
2 2 5
2 3 6
2 4 6
2 5 3
2 6 9
2 7 8
2 8 1
2 9 3
2 10 2
2 11 2
2 12 8
2 13 1
2 14 5
2 15 4
3 0 4
3 1 4
3 2 5
3 3 5
3 4 7
3 5 8
3 6 8
3 7 1
3 8 9
3 9 3
3 10 1
3 11 10
3 12 9
3 13 7
3 14 3
3 15 10
4 0 4
4 1 5
4 2 5
4 3 7
4 4 10
4 5 9
4 6 10
4 7 10
4 8 8
4 9 4
4 10 7
4 11 6
4 12 6
4 13 4
4 14 3
4 15 9
5 0 8
5 1 4
5 2 5
5 3 2
5 4 9
5 5 9
5 6 10
5 7 10
5 8 9
5 9 6
5 10 5
5 11 5
5 12 6
5 13 6
5 14 9
5 15 10
6 0 3
6 1 8
6 2 7
6 3 9
6 4 10
6 5 8
6 6 8
6 7 9
6 8 7
6 9 5
6 10 5
6 11 5
6 12 5
6 13 3
6 14 9
6 15 9
7 0 10
7 1 8
7 2 2
7 3 7
7 4 8
7 5 7
7 6 7
7 7 7
7 8 5
7 9 6
7 10 5
7 11 5
7 12 7
7 13 8
7 14 9
7 15 7
8 0 9
8 1 8
8 2 7
8 3 8
8 4 7
8 5 7
8 6 8
8 7 10
8 8 7
8 9 5
8 10 3
8 11 7
8 12 10
8 13 10
8 14 9
8 15 5
9 0 10
9 1 7
9 2 2
9 3 8
9 4 8
9 5 2
9 6 1
9 7 9
9 8 5
9 9 4
9 10 5
9 11 2
9 12 9
9 13 10
9 14 8
9 15 6
10 0 7
10 1 5
10 2 1
10 3 2
10 4 10
10 5 9
10 6 10
10 7 7
10 8 3
10 9 6
10 10 4
10 11 7
10 12 8
10 13 9
10 14 8
10 15 4
11 0 4
11 1 3
11 2 7
11 3 7
11 4 8
11 5 9
11 6 10
11 7 7
11 8 1
11 9 7
11 10 7
11 11 8
11 12 8
11 13 8
11 14 2
11 15 2
12 0 4
12 1 4
12 2 5
12 3 7
12 4 8
12 5 10
12 6 9
12 7 1
12 8 1
12 9 2
12 10 8
12 11 10
12 12 9
12 13 10
12 14 7
12 15 2
13 0 1
13 1 4
13 2 2
13 3 8
13 4 9
13 5 10
13 6 9
13 7 1
13 8 9
13 9 2
13 10 1
13 11 9
13 12 8
13 13 8
13 14 6
13 15 2
14 0 3
14 1 2
14 2 10
14 3 10
14 4 10
14 5 10
14 6 10
14 7 10
14 8 9
14 9 8
14 10 10
14 11 9
14 12 8
14 13 5
14 14 3
14 15 1
15 0 2
15 1 1
15 2 10
15 3 10
15 4 9
15 5 8
15 6 8
15 7 8
15 8 7
15 9 1
15 10 9
15 11 8
15 12 6
15 13 4
15 14 1
15 15 8
16 0 6
16 1 6
16 2 8
16 3 7
16 4 6
16 5 5
16 6 4
16 7 5
16 8 5
16 9 7
16 10 10
16 11 6
16 12 6
16 13 5
16 14 2
16 15 10
36
